Model: roberta-pro
Training completed at: 2025-04-09 03:03:22
Training time: 0h 36m 50.65s

Training metrics:
train_runtime: 2209.9489
train_samples_per_second: 45.25
train_steps_per_second: 2.828
total_flos: 2.6311105536e+16
train_loss: 0.09712055791854858
epoch: 5.0
