Model: roberta-base
Training completed at: 2025-04-09 19:58:38
Training time: 0h 41m 36.73s

Training metrics:
train_runtime: 2496.1786
train_samples_per_second: 400.612
train_steps_per_second: 25.038
total_flos: 3.15733266432e+16
train_loss: 0.11143625761667887
epoch: 6.0
