Model: bert-augment-synthetic-even
Training completed at: 2025-04-10 19:45:41
Training time: 0h 57m 14.73s

Training metrics:
train_runtime: 3433.8473
train_samples_per_second: 582.437
train_steps_per_second: 36.402
total_flos: 4.20977688576e+16
train_loss: 0.14421180601119996
epoch: 4.0
