Model: bert-pro
Training completed at: 2025-04-09 19:37:30
Training time: 0h 27m 54.86s

Training metrics:
train_runtime: 1674.2806
train_samples_per_second: 597.271
train_steps_per_second: 37.329
total_flos: 2.10488844288e+16
train_loss: 0.10663216104507446
epoch: 4.0
