Model: wes-bert
Training completed at: 2025-04-10 02:25:43
Training time: 0h 28m 43.43s

Training metrics:
train_runtime: 1722.9081
train_samples_per_second: 580.414
train_steps_per_second: 36.276
total_flos: 2.119478378496e+16
train_loss: 0.10441009717583656
epoch: 8.0
