Model: bert-base
Training completed at: 2025-04-10 14:16:31
Training time: 0h 48m 48.84s

Training metrics:
train_runtime: 2928.2667
train_samples_per_second: 341.499
train_steps_per_second: 21.344
total_flos: 3.68355477504e+16
train_loss: 0.10301152294022696
epoch: 7.0
