Model: bert-augment-synthetic
Training completed at: 2025-04-10 17:08:53
Training time: 4h 30m 37.53s

Training metrics:
train_runtime: 16236.0014
train_samples_per_second: 123.183
train_steps_per_second: 7.699
total_flos: 1.999644020736e+17
train_loss: 0.0504628043080631
epoch: 19.0
